255 255 255 255 255 255 255 255 255 255 255 255 255 255 255 255
255 255 255 255 255 255 255 255 255 255 255 255 255 255 255 255
255 255   0   0   0   0   0   0   0   0   0   0   0   0 255 255
255 255   0   0   0   0   0   0   0   0   0   0   0   0 255 255
255 255   0   0   0   0   0   0   0   0   0   0   0   0 255 255
255 255   0   0   0 222 222 222 222 222 222   0   0   0 255 255
255 255   0   0   0 222 222 222 222 222 222   0   0   0 255 255
255 255   0   0   0 222 222 222 222 222 222   0   0   0 255 255
255 255   0   0   0 222 222 222 222 222 222   0   0   0 255 255
255 255   0   0   0  92 222 222  92 222 222   0   0   0 255 255
255 255   0   0   0 222  92 222  92 223 223   0   0   0 255 255
255 255   0   0   0   0   0   0   0   0   0   0   0   0 255 255
255 255   0   0   0   0   0   0   0   0   0   0   0   0 255 255
255 255   0   0   0   0   0   0   0   0   0   0   0   0 255 255
255 255 255 255 255 255 255 255 255 255 255 255 255 255 255 255
255 255 255 255 255 255 255 255 255 255 255 255 255 255 255 255
255 255 255 255 255 255 255 255 255 255 255 255 255 255 255 255
255 255 255 255 255 255 255 255 255 255 255 255 255 255 255 255
255 255   0   0   0   0   0   0   0   0   0   0   0   0 255 255
255 255   0   0   0   0   0   0   0   0   0   0   0   0 255 255
255 255   0   0   0   0   0   0   0   0   0   0   0   0 255 255
255 255   0   0   0 222 222 222 222 222 222   0   0   0 255 255
255 255   0   0   0 222 222 222 222 222 222   0   0   0 255 255
255 255   0   0   0 222 222 222 222 222 222   0   0   0 255 255
255 255   0   0   0 222 222 222 222 222 222   0   0   0 255 255
255 255   0   0   0  92 222 222  92 221 222   0   0   0 255 255
255 255   0   0   0 222  92 222  92 194 190   0   0   0 255 255
255 255   0   0   0   0   0   0   0   0   0   0   0   0 255 255
255 255   0   0   0   0   0   0   0   0   0   0   0   0 255 255
255 255   0   0   0   0   0   0   0   0   0   0   0   0 255 255
255 255 255 255 255 255 255 255 255 255 255 255 255 255 255 255
255 255 255 255 255 255 255 255 255 255 255 255 255 255 255 255
255 255 255 255 255 255 255 255 255 255 255 255 255 255 255 255
255 255 255 255 255 255 255 255 255 255 255 255 255 255 255 255
255 255   0   0   0   0   0   0   0   0   0   0   0   0 255 255
255 255   0   0   0   0   0   0   0   0   0   0   0   0 255 255
255 255   0   0   0   0   0   0   0   0   0   0   0   0 255 255
255 255   0   0   0 222 222 222 222 222 222   0   0   0 255 255
255 255   0   0   0 222 222 222 222 222 222   0   0   0 255 255
255 255   0   0   0 222 222 222 222 222 222   0   0   0 255 255
255 255   0   0   0 222 222 222 222 222 222   0   0   0 255 255
255 255   0   0   0  92 222 222  92 220 222   0   0   0 255 255
255 255   0   0   0 222  92 222  92 150 138   0   0   0 255 255
255 255   0   0   0   0   0   0   0   0   0   0   0   0 255 255
255 255   0   0   0   0   0   0   0   0   0   0   0   0 255 255
255 255   0   0   0   0   0   0   0   0   0   0   0   0 255 255
255 255 255 255 255 255 255 255 255 255 255 255 255 255 255 255
255 255 255 255 255 255 255 255 255 255 255 255 255 255 255 255

255 255 255 255 255 255 255 255 255 255 255 255 255 255 255 255
255 214 153 153 153 153 153 153 153 153 153 153 153 153 214 255
255 153   0   0   0   0   0   0   0   0   0   0   0   0 153 255
255 153   0   0   0   0   0   0   0   0   0   0   0   0 153 255
255 153   0   0   9  44  44  44  44  44  44   9   0   0 153 255
255 153   0   0  44 222 222 222 222 222 222  44   0   0 153 255
255 153   0   0  44 222 222 222 222 222 222  44   0   0 153 255
255 153   0   0  44 222 222 222 208 169 181  44   0   0 153 255
255 153   0   0  44 222 222 222 188 137 185  44   0   0 153 255
255 153   0   0  44 222 222 222 218 177 178  44   0   0 153 255
255 153   0   0  44 222 222 222 207 157 172  44   0   0 153 255
255 153   0   0   9  44  44  44  44  44  42   9   0   0 153 255
255 153   0   0   0   0   0   0   0   0   0   0   0   0 153 255
255 153   0   0   0   0   0   0   0   0   0   0   0   0 153 255
255 214 153 153 153 153 153 153 153 153 153 153 153 153 214 255
255 255 255 255 255 255 255 255 255 255 255 255 255 255 255 255
255 255 255 255 255 255 255 255 255 255 255 255 255 255 255 255
255 214 153 153 153 153 153 153 153 153 153 153 153 153 214 255
255 153   0   0   0   0   0   0   0   0   0   0   0   0 153 255
255 153   0   0   0   0   0   0   0   0   0   0   0   0 153 255
255 153   0   0   9  44  44  44  44  44  44   9   0   0 153 255
255 153   0   0  44 222 222 222 222 203 186  44   0   0 153 255
255 153   0   0  44 222 222 222 222 207 192  41   0   0 153 255
255 153   0   0  44 222 222 222 208 169 179  44   0   0 153 255
255 153   0   0  44 222 222 222 188 137 185  44   0   0 153 255
255 153   0   0  44 222 222 222 218 177 178  44   0   0 153 255
255 153   0   0  44 222 222 222 207 157 172  44   0   0 153 255
255 153   0   0   9  44  44  44  44  44  42   9   0   0 153 255
255 153   0   0   0   0   0   0   0   0   0   0   0   0 153 255
255 153   0   0   0   0   0   0   0   0   0   0   0   0 153 255
255 214 153 153 153 153 153 153 153 153 153 153 153 153 214 255
255 255 255 255 255 255 255 255 255 255 255 255 255 255 255 255
255 255 255 255 255 255 255 255 255 255 255 255 255 255 255 255
255 214 153 153 153 153 153 153 153 153 153 153 153 153 214 255
255 153   0   0   0   0   0   0   0   0   0   0   0   0 153 255
255 153   0   0   0   0   0   0   0   0   0   0   0   0 153 255
255 153   0   0   9  44  44  44  44  44  44   9   0   0 153 255
255 153   0   0  44 222 222 222 222 177 136  44   0   0 153 255
255 153   0   0  44 222 222 222 222 186 150  35   0   0 153 255
255 153   0   0  44 222 222 222 208 169 177  44   0   0 153 255
255 153   0   0  44 222 222 222 188 137 185  44   0   0 153 255
255 153   0   0  44 222 222 222 218 177 178  44   0   0 153 255
255 153   0   0  44 222 222 222 207 157 172  44   0   0 153 255
255 153   0   0   9  44  44  44  44  44  42   9   0   0 153 255
255 153   0   0   0   0   0   0   0   0   0   0   0   0 153 255
255 153   0   0   0   0   0   0   0   0   0   0   0   0 153 255
255 214 153 153 153 153 153 153 153 153 153 153 153 153 214 255
255 255 255 255 255 255 255 255 255 255 255 255 255 255 255 255

255 255 255 255 255 255 255 255 255 255 255 255 255 255 255 255
255 214 153 153 153 153 153 153 153 153 153 153 153 153 214 255
255 153   0   0   0   0   0   0   0   0   0   0   0   0 153 255
255 153   0   0   0   0   0   0   0   0   0   0   0   0 153 255
255 153   0   0   9  44  44  44  44  44  44   9   0   0 153 255
255 153   0   0  44 222 222 181 185 178 172  42   0   0 153 255
255 153   0   0  44 222 222 169 137 177 157  44   0   0 153 255
255 153   0   0  44 222 222 208 188 218 207  44   0   0 153 255
255 153   0   0  44 222 222 222 222 222 222  44   0   0 153 255
255 153   0   0  44 222 222 222 222 222 222  44   0   0 153 255
255 153   0   0  44 222 222 222 222 222 222  44   0   0 153 255
255 153   0   0   9  44  44  44  44  44  44   9   0   0 153 255
255 153   0   0   0   0   0   0   0   0   0   0   0   0 153 255
255 153   0   0   0   0   0   0   0   0   0   0   0   0 153 255
255 214 153 153 153 153 153 153 153 153 153 153 153 153 214 255
255 255 255 255 255 255 255 255 255 255 255 255 255 255 255 255
255 255 255 255 255 255 255 255 255 255 255 255 255 255 255 255
255 214 153 153 153 153 153 153 153 153 153 153 153 153 214 255
255 153   0   0   0   0   0   0   0   0   0   0   0   0 153 255
255 153   0   0   0   0   0   0   0   0   0   0   0   0 153 255
255 153   0   0   9  44  41  44  44  44  44   9   0   0 153 255
255 153   0   0  44 186 192 179 185 178 172  42   0   0 153 255
255 153   0   0  44 203 207 169 137 177 157  44   0   0 153 255
255 153   0   0  44 222 222 208 188 218 207  44   0   0 153 255
255 153   0   0  44 222 222 222 222 222 222  44   0   0 153 255
255 153   0   0  44 222 222 222 222 222 222  44   0   0 153 255
255 153   0   0  44 222 222 222 222 222 222  44   0   0 153 255
255 153   0   0   9  44  44  44  44  44  44   9   0   0 153 255
255 153   0   0   0   0   0   0   0   0   0   0   0   0 153 255
255 153   0   0   0   0   0   0   0   0   0   0   0   0 153 255
255 214 153 153 153 153 153 153 153 153 153 153 153 153 214 255
255 255 255 255 255 255 255 255 255 255 255 255 255 255 255 255
255 255 255 255 255 255 255 255 255 255 255 255 255 255 255 255
255 214 153 153 153 153 153 153 153 153 153 153 153 153 214 255
255 153   0   0   0   0   0   0   0   0   0   0   0   0 153 255
255 153   0   0   0   0   0   0   0   0   0   0   0   0 153 255
255 153   0   0   9  44  35  44  44  44  44   9   0   0 153 255
255 153   0   0  44 136 150 177 185 178 172  42   0   0 153 255
255 153   0   0  44 177 186 169 137 177 157  44   0   0 153 255
255 153   0   0  44 222 222 208 188 218 207  44   0   0 153 255
255 153   0   0  44 222 222 222 222 222 222  44   0   0 153 255
255 153   0   0  44 222 222 222 222 222 222  44   0   0 153 255
255 153   0   0  44 222 222 222 222 222 222  44   0   0 153 255
255 153   0   0   9  44  44  44  44  44  44   9   0   0 153 255
255 153   0   0   0   0   0   0   0   0   0   0   0   0 153 255
255 153   0   0   0   0   0   0   0   0   0   0   0   0 153 255
255 214 153 153 153 153 153 153 153 153 153 153 153 153 214 255
255 255 255 255 255 255 255 255 255 255 255 255 255 255 255 255

255 255 255 255 255 255 255 255 255 255 255 255 255 255 255 255
255 214 153 153 153 153 153 153 153 153 153 153 153 153 214 255
255 153   0   0   0   0   0   0   0   0   0   0   0   0 153 255
255 153   0   0   0   0   0   0   0   0   0   0   0   0 153 255
255 153   0   0   9  42  44  44  44  44  44   9   0   0 153 255
255 153   0   0  44 172 157 207 222 222 222  44   0   0 153 255
255 153   0   0  44 178 177 218 222 222 222  44   0   0 153 255
255 153   0   0  44 185 137 188 222 222 222  44   0   0 153 255
255 153   0   0  44 181 169 208 222 222 222  44   0   0 153 255
255 153   0   0  44 222 222 222 222 222 222  44   0   0 153 255
255 153   0   0  44 222 222 222 222 222 222  44   0   0 153 255
255 153   0   0   9  44  44  44  44  44  44   9   0   0 153 255
255 153   0   0   0   0   0   0   0   0   0   0   0   0 153 255
255 153   0   0   0   0   0   0   0   0   0   0   0   0 153 255
255 214 153 153 153 153 153 153 153 153 153 153 153 153 214 255
255 255 255 255 255 255 255 255 255 255 255 255 255 255 255 255
255 255 255 255 255 255 255 255 255 255 255 255 255 255 255 255
255 214 153 153 153 153 153 153 153 153 153 153 153 153 214 255
255 153   0   0   0   0   0   0   0   0   0   0   0   0 153 255
255 153   0   0   0   0   0   0   0   0   0   0   0   0 153 255
255 153   0   0   9  42  44  44  44  44  44   9   0   0 153 255
255 153   0   0  44 172 157 207 222 222 222  44   0   0 153 255
255 153   0   0  44 178 177 218 222 222 222  44   0   0 153 255
255 153   0   0  44 185 137 188 222 222 222  44   0   0 153 255
255 153   0   0  44 179 169 208 222 222 222  44   0   0 153 255
255 153   0   0  41 192 207 222 222 222 222  44   0   0 153 255
255 153   0   0  44 186 203 222 222 222 222  44   0   0 153 255
255 153   0   0   9  44  44  44  44  44  44   9   0   0 153 255
255 153   0   0   0   0   0   0   0   0   0   0   0   0 153 255
255 153   0   0   0   0   0   0   0   0   0   0   0   0 153 255
255 214 153 153 153 153 153 153 153 153 153 153 153 153 214 255
255 255 255 255 255 255 255 255 255 255 255 255 255 255 255 255
255 255 255 255 255 255 255 255 255 255 255 255 255 255 255 255
255 214 153 153 153 153 153 153 153 153 153 153 153 153 214 255
255 153   0   0   0   0   0   0   0   0   0   0   0   0 153 255
255 153   0   0   0   0   0   0   0   0   0   0   0   0 153 255
255 153   0   0   9  42  44  44  44  44  44   9   0   0 153 255
255 153   0   0  44 172 157 207 222 222 222  44   0   0 153 255
255 153   0   0  44 178 177 218 222 222 222  44   0   0 153 255
255 153   0   0  44 185 137 188 222 222 222  44   0   0 153 255
255 153   0   0  44 177 169 208 222 222 222  44   0   0 153 255
255 153   0   0  35 150 186 222 222 222 222  44   0   0 153 255
255 153   0   0  44 136 177 222 222 222 222  44   0   0 153 255
255 153   0   0   9  44  44  44  44  44  44   9   0   0 153 255
255 153   0   0   0   0   0   0   0   0   0   0   0   0 153 255
255 153   0   0   0   0   0   0   0   0   0   0   0   0 153 255
255 214 153 153 153 153 153 153 153 153 153 153 153 153 214 255
255 255 255 255 255 255 255 255 255 255 255 255 255 255 255 255